   OFFSET       SIZE
        0       2296
     2296       2630
     4926       2546
     7472       2558
    10030       2308
    12338       2445
    14783       2123
    16906       2675
    19581       2128
    21709       2243
    23952       3006
    26958       1219
    28177       1917
    30094       2135
    32229       2097
    34326       2286
    36612       2315
    38927       2191
    41118       4096
    45214       2232
    47446       2054
    49500       2049
    51549       2489
    54038       2613
    56651       2358
    59009       3451
    62460       2120
    64580       2677
    67257       2256
    69513       2124
    71637       1538
    73175       3144
    76319       3585
    79904       3102
    83006       2187
    85193       3044
    88237       2262
    90499       2223
    92722       2057
    94779       3241
    98020       2719
   100739       3426
   104165       2132
   106297       2646
   108943       2278
   111221       2191
   113412       3689
   117101       1112
   118213       2997
   121210       2206
   123416       2201
   125617       2589
   128206       3225
   131431       2169
   133600       2402
   136002       2325
   138327       2214
   140541       2316
   142857       2558
   145415       2678
   148093       2531
   150624       2258
   152882       2555
   155437       2260
   157697       2236
   159933       3586
   163519       1603
   165122       2096
   167218       2475
   169693       2353
   172046       2378
   174424       3005
   177429       2843
   180272       2272
   182544       2931
   185475       2229
   187704       3521
   191225       2658
   193883       2246
   196129       2097
   198226       2075
   200301       2476
   202777       3616
   206393       2179
   208572       2231
   210803       2272
   213075       2203
   215278       2453
   217731       2793
   220524       2533
   223057       3035
   226092       2217
   228309       2479
   230788       2170
   232958       2488
   235446       2422
   237868       2762
   240630       2313
   242943       2201
   245144       3197
   248341       2802
   251143       2227
   253370       2159
   255529       2309
   257838       2680
   260518       2970
   263488       2062
   265550       2165
   267715       2895
   270610       2211
   272821       2331
   275152       2268
   277420       2289
   279709       1330
   281039       2441
   283480       1284
   284764       2446
   287210       2284
   289494       1928
   291422       1827
   293249       2430
   295679       2863
   298542       2225
   300767       1193
   301960       2432
   304392       3975
   308367       1948
   310315       2268
   312583       2594
   315177       3925
   319102       2246
   321348       2932
   324280       2407
   326687       2334
   329021       2423
   331444       2313
   333757       2058
   335815       3326
   339141       2084
   341225       2978
   344203       2069
   346272       1547
   347819       2605
   350424       2827
   353251       1868
   355119       2334
   357453       2945
   360398       2434
   362832       2520
   365352       2123
   367475       2450
   369925       3231
   373156       2040
   375196       1206
   376402       3255
   379657       2128
   381785       1983
   383768       2075
   385843       2402
   388245       2545
   390790       2563
   393353       2504
   395857       2448
   398305       2925
   401230       2545
   403775       3023
   406798       2259
   409057       3704
   412761       2524
   415285       1491
   416776       2222
   418998       2563
   421561       3676
   425237       3295
   428532       2793
   431325       2874
   434199       2983
   437182       1710
   438892       2215
   441107       2139
   443246       2866
   446112       2119
   448231       2435
   450666       3356
   454022       2251
   456273       2626
   458899       3195
   462094       2058
   464152       2690
   466842       2866
   469708       3125
   472833       2281
   475114       1802
   476916       1529
   478445       4096
   482541       1139
   483680       1860
   485540       3214
   488754       2737
   491491       2222
   493713       2563
   496276       2421
   498697       3078
   501775       2115
   503890       2652
   506542       2250
   508792       1483
   510275       2200
   512475       2347
   514822       2406
   517228       2444
   519672       2290
   521962       3100
   525062       2479
   527541       2115
   529656       2151
   531807       2089
   533896       3590
   537486       2470
   539956       2671
   542627       2406
   545033       2534
   547567       2371
   549938       2076
   552014       2569
   554583       2467
   557050       2083
   559133       1058
   560191       3058
   563249       2558
   565807       2387
   568194       2288
   570482       2053
   572535       3100
   575635       1318
   576953       2055
   579008       2059
   581067       2198
   583265       1336
   584601       1327
   585928       2350
   588278       2310
   590588       3496
   594084       2089
   596173       2084
   598257       2311
   600568       2236
   602804       2909
   605713       3288
   609001       1035
   610036       3015
   613051       3093
   616144       2201
   618345       2305
   620650       2075
   622725       2634
   625359       2913
   628272       2105
   630377       1864
   632241       1888
   634129       1524
   635653       2672
   638325       2538
   640863       2098
   642961       2397
   645358       3162
   648520       2311
   650831       2217
   653048       1510
   654558       2727
   657285       2458
   659743       3079
   662822       2338
   665160       2952
   668112       2062
   670174       2189
   672363       2208
   674571       2276
   676847       2135
   678982       2598
   681580       2907
   684487       2131
   686618       2321
   688939       2180
   691119       2075
   693194       2338
   695532       2107
   697639       2707
   700346       2273
   702619       2059
   704678       3061
   707739       4096
   711835       2556
   714391       2899
   717290       2136
   719426       2702
   722128       2241
   724369       1223
   725592       2782
   728374       2208
   730582       2272
   732854       2201
   735055       3074
   738129       1597
   739726       2416
   742142       2367
   744509       2196
   746705       2060
   748765       2073
   750838       2161
   752999       2975
   755974       2622
   758596       2845
   761441       3851
   765292       1840
   767132       2158
   769290       2752
   772042       2050
   774092       1036
   775128       2205
   777333       2161
   779494       2136
   781630       3227
   784857       3088
   787945       3901
   791846       1573
   793419       2195
   795614       2177
   797791       2147
   799938       2144
   802082       1567
   803649       2227
   805876       1923
   807799       2368
   810167       2583
   812750       3195
   815945       2468
   818413       2823
   821236       2394
   823630       2093
   825723       2794
   828517       2090
   830607       2945
   833552       2120
   835672       2060
   837732       2374
   840106       2129
   842235       1169
   843404       2376
   845780       2676
   848456       2076
   850532       2196
   852728       2181
   854909       1400
   856309       2104
   858413       2853
   861266       2513
   863779       2634
   866413       1102
   867515       2675
   870190       2702
   872892       1515
   874407       1301
   875708       2345
   878053       2652
   880705       1557
   882262       2231
   884493       2543
   887036       2143
   889179       2112
   891291       2641
   893932       3868
   897800       2085
   899885       1619
   901504       3225
   904729       1169
   905898       2706
   908604       2451
   911055       2074
   913129       2561
   915690       2099
   917789       2609
   920398       2949
   923347       2276
   925623       2154
   927777       2971
   930748       3108
   933856       2731
   936587       2432
   939019       1743
   940762       2561
   943323       2249
   945572       2196
   947768       2169
   949937       1474
   951411       2128
   953539       2132
   955671       2483
   958154       2867
   961021       2365
   963386       2154
   965540       2331
   967871       2105
   969976       2174
   972150       2149
   974299       2227
   976526       2496
   979022       2185
   981207       2815
   984022       1797
   985819       2373
   988192       1954
   990146       2844
   992990       3158
   996148       2306
   998454       2349
  1000803       2726
  1003529       2610
  1006139       2517
  1008656       1706
  1010362       2302
  1012664       2201
  1014865       2526
  1017391       2244
  1019635       2351
  1021986       2660
  1024646       2116
  1026762       1861
  1028623       2582
  1031205       2192
  1033397       2214
  1035611       2338
  1037949       2247
  1040196       2616
  1042812       2753
  1045565       2677
  1048242       2411
  1050653       2447
  1053100       3213
  1056313       4096
  1060409       1225
  1061634       2255
  1063889       1506
  1065395       2445
  1067840       3478
  1071318       2276
  1073594       2157
  1075751       2835
  1078586       2382
  1080968       2797
  1083765       2676
  1086441       2551
  1088992       2244
  1091236       2230
  1093466       1508
  1094974       2055
  1097029       3260
  1100289       3255
  1103544       1575
  1105119       2092
  1107211       2212
  1109423       2598
  1112021       2394
  1114415       2060
  1116475       1773
  1118248       2288
  1120536       2522
  1123058       2118
  1125176       2352
  1127528       2293
  1129821       2137
  1131958       2991
  1134949       2180
  1137129       2702
  1139831       2948
  1142779       2364
  1145143       1040
  1146183       2855
  1149038       3000
  1152038       2788
  1154826       4079
  1158905       3211
  1162116       2517
  1164633       2215
  1166848       2126
  1168974       2240
  1171214       2050
  1173264       1544
  1174808       1532
  1176340       2284
  1178624       2060
  1180684       2596
  1183280       1591
  1184871       2185
  1187056       3883
  1190939       2253
  1193192       3164
  1196356       2257
  1198613       2255
  1200868       2167
  1203035       2515
  1205550       2181
  1207731       2068
  1209799       2567
  1212366       2100
  1214466       2453
  1216919       1256
  1218175       2534
  1220709       1301
  1222010       2057
  1224067       2218
  1226285       2850
  1229135       2695
  1231830       3657
  1235487       3635
  1239122       4096
  1243218       3142
  1246360       3295
  1249655       1194
  1250849       2147
  1252996       2180
  1255176       2297
  1257473       2659
  1260132       2101
  1262233       2187
  1264420       2089
  1266509       2514
  1269023       3370
  1272393       2278
  1274671       2615
  1277286       2664
  1279950       2523
  1282473       1984
  1284457       2604
  1287061       2138
  1289199       3807
  1293006       2316
  1295322       1985
  1297307       2306
  1299613       1133
  1300746       2157
  1302903       2268
  1305171       2253
  1307424       1125
  1308549       2788
  1311337       3086
  1314423       2553
  1316976       1485
  1318461       2225
  1320686       2980
  1323666       2194
  1325860       2802
  1328662       2337
  1330999       2173
  1333172       2150
  1335322       2376
  1337698       2608
  1340306       1674
  1341980       2234
  1344214       4096
  1348310       2105
  1350415       2791
  1353206       2205
  1355411       2776
  1358187       3005
  1361192       4096
  1365288       2198
  1367486       1969
  1369455       2316
  1371771       2150
  1373921       3059
  1376980       2201
  1379181       2434
  1381615       2777
  1384392       2391
  1386783       3103
  1389886       2308
  1392194       2483
  1394677       1889
  1396566       2140
  1398706       2121
  1400827       2354
  1403181       2156
  1405337       2302
  1407639       2356
  1409995       2093
  1412088       3136
  1415224       3221
  1418445       3508
  1421953       3690
  1425643       2144
  1427787       2730
  1430517       2209
  1432726       2240
  1434966       2962
  1437928       2105
  1440033       2530
  1442563       2337
  1444900       1732
  1446632       2300
  1448932       2506
  1451438       2971
  1454409       2683
  1457092       2163
  1459255       2337
  1461592       2284
  1463876       2343
  1466219       1268
  1467487       3176
  1470663       1090
  1471753       2869
  1474622       2095
  1476717       1078
  1477795       2385
  1480180       2130
  1482310       3643
  1485953       2738
  1488691       2520
  1491211       1749
  1492960       2069
  1495029       2536
  1497565       2593
  1500158       2704
  1502862       2523
  1505385       2124
  1507509       2168
  1509677       2140
  1511817       2791
  1514608       2079
  1516687       2055
  1518742       2398
  1521140       1932
  1523072       2314
  1525386       2589
  1527975       2084
  1530059       2088
  1532147       2516
  1534663       2991
  1537654       2970
  1540624       2210
  1542834       2919
  1545753       3700
  1549453       2167
  1551620       2528
  1554148       2941
  1557089       2085
  1559174       2075
  1561249       3970
  1565219       4096
  1569315       2990
  1572305       2462
  1574767       2141
  1576908       2350
  1579258       2152
  1581410       3061
  1584471       2408
  1586879       2850
  1589729       2286
  1592015       2057
  1594072       2549
  1596621       2405
  1599026       2784
  1601810       2586
  1604396       2163
  1606559       2194
  1608753       2400
  1611153       1134
  1612287       2268
  1614555       2076
  1616631       2208
  1618839       2896
  1621735       1685
  1623420       2121
  1625541       2151
  1627692       3215
  1630907       2088
  1632995       2055
  1635050       2128
  1637178       2153
  1639331       3642
  1642973       1088
  1644061       2326
  1646387       2742
  1649129       2245
  1651374       2165
  1653539       2898
  1656437       2176
  1658613       1180
  1659793       2187
  1661980       2590
  1664570       2731
  1667301       1998
  1669299       2460
  1671759       2125
  1673884       2429
  1676313       2210
  1678523       2671
  1681194       1095
  1682289       3318
  1685607       2088
  1687695       2253
  1689948       2772
  1692720       2891
  1695611       2075
  1697686       2428
  1700114       3514
  1703628       1376
  1705004       2363
  1707367       2548
  1709915       2202
  1712117       3015
  1715132       1567
  1716699       2521
  1719220       2122
  1721342       2501
  1723843       2823
  1726666       2344
  1729010       2066
  1731076       2613
  1733689       2189
  1735878       1453
  1737331       2266
  1739597       3189
  1742786       2704
  1745490       2821
  1748311       2495
  1750806       2131
  1752937       2559
  1755496       2360
  1757856       2328
  1760184       3165
  1763349       3147
  1766496       2310
  1768806       2165
  1770971       2088
  1773059       2732
  1775791       2724
  1778515       2240
  1780755       2788
  1783543       2151
  1785694       2217
  1787911       2063
  1789974       2543
  1792517       2460
  1794977       2149
  1797126       2087
  1799213       3948
  1803161       3841
  1807002       2430
  1809432       2257
  1811689       2352
  1814041       2063
  1816104       2731
  1818835       1081
  1819916       2092
  1822008       2464
  1824472       2111
  1826583       2316
  1828899       2284
  1831183       2612
  1833795       2209
  1836004       2240
  1838244       2408
  1840652       2304
  1842956       2416
  1845372       2344
  1847716       3338
  1851054       2639
  1853693       2124
  1855817       1586
  1857403       2431
  1859834       1202
  1861036       2230
  1863266       2055
  1865321       2823
  1868144       3129
  1871273       2292
  1873565       2621
  1876186       2078
  1878264       2889
  1881153       1615
  1882768       2253
  1885021       4010
  1889031       2337
  1891368       2265
  1893633       2208
  1895841       2098
  1897939       2054
  1899993       2477
  1902470       2400
  1904870       2423
  1907293       2305
  1909598       2228
  1911826       2277
  1914103       3190
  1917293       2264
  1919557       3602
  1923159       2568
  1925727       2372
  1928099       2558
  1930657       2164
  1932821       2098
  1934919       2988
  1937907       3127
  1941034       2087
  1943121       2077
  1945198       2446
  1947644       2207
  1949851       2265
  1952116       2273
  1954389       2149
  1956538       2376
  1958914       3150
  1962064       2668
  1964732       3352
  1968084       2717
  1970801       2657
  1973458       2750
  1976208       2180
  1978388       2160
  1980548       2126
  1982674       2688
  1985362       2395
  1987757       2450
  1990207       2527
  1992734       4096
  1996830       2925
  1999755       1460
  2001215       2305
  2003520       2632
  2006152       2372
  2008524       2072
  2010596       2949
  2013545       1472
  2015017       2530
  2017547       2215
  2019762       2059
  2021821       2241
  2024062       2089
  2026151       2433
  2028584       2192
  2030776       2090
  2032866       2265
  2035131       1145
  2036276       2896
  2039172       2543
  2041715       2617
  2044332       2049
  2046381       2726
  2049107       2086
  2051193       2084
  2053277       2348
  2055625       2460
  2058085       2202
  2060287       2054
  2062341       2576
  2064917       2891
  2067808       2344
  2070152       2733
  2072885       3006
  2075891       1326
  2077217       2688
  2079905       2128
  2082033       2290
  2084323       2694
  2087017       1346
  2088363       2285
  2090648       2226
  2092874       2580
  2095454       2534
  2097988       2364
  2100352       2385
  2102737       2533
  2105270       2092
  2107362       2542
  2109904       2104
  2112008       1091
  2113099       1403
  2114502       3159
  2117661       2069
  2119730       3437
  2123167       2298
  2125465       2102
  2127567       2058
  2129625       1341
  2130966       2933
  2133899       2181
  2136080       2266
  2138346       1378
  2139724       2040
  2141764       2136
  2143900       3444
  2147344       2181
  2149525       2245
  2151770       2569
  2154339       2432
  2156771       2942
  2159713       3281
  2162994       1076
  2164070       2701
  2166771       1249
  2168020       2447
  2170467       2644
  2173111       2590
  2175701       2099
  2177800       2737
  2180537       2598
  2183135       1182
  2184317       2409
  2186726       2075
  2188801       2205
  2191006       2476
  2193482       2171
  2195653       2297
  2197950       2204
  2200154       2225
  2202379       1434
  2203813       2530
  2206343       2064
  2208407       2225
  2210632       2120
  2212752       2180
  2214932       2718
  2217650       2074
  2219724       2581
  2222305       2209
  2224514       2591
  2227105       2287
  2229392       2188
  2231580       2415
  2233995       2182
  2236177       2269
  2238446       2530
  2240976       2545
  2243521       1753
  2245274       2201
  2247475       2082
  2249557       1907
  2251464       2301
  2253765       2136
  2255901       2368
  2258269       2304
  2260573       2547
  2263120       1985
  2265105       2066
  2267171       3524
  2270695       2398
  2273093       2277
  2275370       2176
  2277546       2647
  2280193       1123
  2281316       1269
  2282585       2189
  2284774       3387
  2288161       2095
  2290256       1379
  2291635       2555
  2294190       1971
  2296161       2850
  2299011       2359
  2301370       2119
  2303489       3122
  2306611       2369
  2308980       2233
  2311213       2832
  2314045       2126
  2316171       1657
  2317828       1100
  2318928       2657
  2321585       1047
  2322632       2220
  2324852       2300
  2327152       2441
  2329593       2935
  2332528       2275
  2334803       2127
  2336930       1623
  2338553       3644
  2342197       2133
  2344330       1748
  2346078       2140
  2348218       2159
  2350377       2328
  2352705       2568
  2355273       2059
  2357332       1506
  2358838       2251
  2361089       1411
  2362500       3715
  2366215       1944
  2368159       2187
  2370346       2632
  2372978       2236
  2375214       1824
  2377038       2142
  2379180       2102
  2381282       2230
  2383512       1409
  2384921       2215
  2387136       2870
  2390006       2209
  2392215       2527
  2394742       2216
  2396958       2557
  2399515       1922
  2401437       2183
  2403620       2168
  2405788       1857
  2407645       2391
  2410036       1914
  2411950       2227
  2414177       2261
  2416438       3465
  2419903       3369
  2423272       2260
  2425532       4096
  2429628       2576
  2432204       2412
  2434616       2393
  2437009       3027
  2440036       2143
  2442179       2178
  2444357       2952
  2447309       2211
  2449520       2063
  2451583       2672
  2454255       2699
  2456954       1908
  2458862       2104
  2460966       2063
  2463029       3458
  2466487       3146
  2469633       2393
  2472026       2267
  2474293       3563
  2477856       2324
  2480180       2782
  2482962       2559
  2485521       1031
  2486552       2253
  2488805       2564
  2491369       2281
  2493650       1771
  2495421       3502
  2498923       2697
  2501620       1543
  2503163       1906
  2505069       3307
  2508376       2187
  2510563       2080
  2512643       1574
  2514217       2216
  2516433       2243
  2518676       2899
  2521575       2918
  2524493       1626
  2526119       2058
  2528177       1322
  2529499       2387
  2531886       2379
  2534265       2134
  2536399       2808
  2539207       2127
  2541334       2952
  2544286       2329
  2546615       3846
  2550461       2397
  2552858       2147
  2555005       2416
  2557421       2653
  2560074       2178
  2562252       2254
  2564506       3096
  2567602       2780
  2570382       2593
  2572975       2183
  2575158       3666
  2578824       2633
  2581457       2284
  2583741       2249
  2585990       2503
  2588493       2507
  2591000       2232
  2593232       2246
  2595478       2490
  2597968       1513
  2599481       3196
  2602677       1342
  2604019       1443
  2605462       2335
  2607797       2267
  2610064       2352
  2612416       2587
  2615003       2371
  2617374       2250
  2619624       2317
  2621941       2286
  2624227       2635
  2626862       1656
  2628518       2723
  2631241       1085
  2632326       2173
  2634499       2050
  2636549       2301
  2638850       2391
  2641241       2517
  2643758       2078
  2645836       2203
  2648039       2191
  2650230       1032
  2651262       2726
  2653988       2425
  2656413       2210
  2658623       2562
  2661185       2313
  2663498       1158
  2664656       2155
  2666811       2113
  2668924       2368
  2671292       2105
  2673397       2883
  2676280       1088
  2677368       2300
  2679668       2057
  2681725       3297
  2685022       2660
  2687682       3752
  2691434       2408
  2693842       2507
  2696349       2614
  2698963       2290
  2701253       2286
  2703539       2298
  2705837       2058
  2707895       2174
  2710069       4096
  2714165       2633
  2716798       2371
  2719169       2194
  2721363       1109
  2722472       2487
  2724959       2426
  2727385       2216
  2729601       2523
  2732124       2094
  2734218       2142
  2736360       2262
  2738622       2834
  2741456       1050
  2742506       2282
  2744788       1972
  2746760       2937
  2749697       2408
  2752105       1856
  2753961       2061
  2756022       2395
  2758417       2834
  2761251       2746
  2763997       2906
  2766903       2265
  2769168       1745
  2770913       2544
  2773457       2132
  2775589       2378
  2777967       2110
  2780077       2130
  2782207       3896
  2786103       2207
  2788310       2730
  2791040       2132
  2793172       2745
  2795917       1259
  2797176       2153
  2799329       3509
  2802838       2719
  2805557       2965
  2808522       1330
  2809852       2247
  2812099       3765
  2815864       1143
  2817007       3304
  2820311       2062
  2822373       1630
  2824003       1563
  2825566       2599
  2828165       2926
  2831091       2937
  2834028       3081
  2837109       2186
  2839295       2239
  2841534       2725
  2844259       3432
  2847691       2678
  2850369       3008
  2853377       2599
  2855976       2558
  2858534       2268
  2860802       3147
  2863949       1697
  2865646       2301
  2867947       2039
  2869986       2330
  2872316       2049
  2874365       3737
  2878102       2327
  2880429       2091
  2882520       2479
  2884999       2311
  2887310       2118
  2889428       2204
  2891632       2499
  2894131       2224
  2896355       1660
  2898015       2417
  2900432       2201
  2902633       2218
  2904851       2986
  2907837       2279
  2910116       2139
  2912255       2758
  2915013       2922
  2917935       2615
  2920550       1554
  2922104       2545
  2924649       2418
  2927067       2600
  2929667       2741
  2932408       2339
  2934747       2290
  2937037       3170
  2940207       2148
  2942355       2433
  2944788       2263
  2947051       2147
  2949198       2166
  2951364       2236
  2953600       2738
  2956338       2301
  2958639       2221
  2960860       3139
  2963999       3250
  2967249       2397
  2969646       2103
  2971749       2146
  2973895       2168
  2976063       2749
  2978812       2056
  2980868       2106
  2982974       2068
  2985042       2974
  2988016       3507
  2991523       2345
  2993868       2359
  2996227       1864
  2998091       2125
  3000216       3435
  3003651       2807
  3006458       2782
  3009240       3214
  3012454       2969
  3015423       3424
  3018847       2094
  3020941       2105
  3023046       2434
  3025480       2547
  3028027       3321
  3031348       2655
  3034003       2252
  3036255       1394
  3037649       1689
  3039338       2061
  3041399       2753
  3044152       3348
  3047500       1057
  3048557       2330
  3050887       2383
  3053270       2471
  3055741       2236
  3057977       2442
  3060419       2215
  3062634       1658
  3064292       2082
  3066374       2234
  3068608       2777
  3071385       2545
  3073930       3635
  3077565       4096
  3081661       2842
  3084503       2254
  3086757       2444
  3089201       2723
  3091924       2841
  3094765       2395
  3097160       2694
  3099854       2400
  3102254       2451
  3104705       2351
  3107056       2875
  3109931       2657
  3112588       3058
  3115646       2104
  3117750       4007
  3121757       2835
  3124592       2280
  3126872       2352
  3129224       3740
  3132964       2350
  3135314       2723
  3138037       1583
  3139620       2213
  3141833       2589
  3144422       1303
  3145725       2172
  3147897       2858
  3150755       3268
  3154023       2210
  3156233       4096
  3160329       2167
  3162496       2489
  3164985       2632
  3167617       2520
  3170137       1828
  3171965       2920
  3174885       2101
  3176986       2939
  3179925       2223
  3182148       4070
  3186218       2207
  3188425       2975
  3191400       2976
  3194376       2074
  3196450       2070
  3198520       2315
  3200835       3737
  3204572       2144
  3206716       2124
  3208840       2351
  3211191       2542
  3213733       2462
  3216195       2186
  3218381       2500
  3220881       2494
  3223375       2348
  3225723       1589
  3227312       2642
  3229954       2638
  3232592       2164
  3234756       2191
  3236947       2575
  3239522       2525
  3242047       2372
  3244419       1322
  3245741       2120
  3247861       2083
  3249944       3130
  3253074       2084
  3255158       2242
  3257400       2328
  3259728       3619
  3263347       2056
  3265403       2170
  3267573       2418
  3269991       2219
  3272210       2660
  3274870       2282
  3277152       2474
  3279626       1522
  3281148       2602
  3283750       2640
  3286390       2220
  3288610       2607
  3291217       2049
  3293266       2846
  3296112       2400
  3298512       3114
  3301626       2574
  3304200       2337
  3306537       2434
  3308971       2146
  3311117       2823
  3313940       2415
  3316355       2121
  3318476       2268
  3320744       1198
  3321942       2344
  3324286       1378
  3325664       2055
  3327719       2238
  3329957       3061
  3333018       2265
  3335283       2185
  3337468       2812
  3340280       1603
  3341883       2698
  3344581       2245
  3346826       2563
  3349389       2372
  3351761       2734
  3354495       2358
  3356853       2108
  3358961       2124
  3361085       2724
  3363809       2208
  3366017       1164
  3367181       2425
  3369606       2756
  3372362       4096
  3376458       2574
  3379032       2199
  3381231       3165
  3384396       1425
  3385821       2925
  3388746       2072
  3390818       2866
  3393684       3447
  3397131       2617
  3399748       1197
  3400945       2319
  3403264       2128
  3405392       2784
  3408176       2412
  3410588       2104
  3412692       2097
  3414789       1359
  3416148       4096
  3420244       4096
  3424340        578
