   OFFSET       SIZE
        0       3023
     3023       2198
     5221       1240
     6461       2304
     8765       1858
    10623       2326
    12949       2087
    15036       2205
    17241       2518
    19759       3092
    22851       2129
    24980       2107
    27087       2167
    29254       2157
    31411       2480
    33891       2535
    36426       2097
    38523       2224
    40747       2823
    43570       2477
    46047       2234
    48281       2444
    50725       2070
    52795       1943
    54738       2448
    57186       2240
    59426       2130
    61556       2526
    64082       2088
    66170       2304
    68474       2414
    70888       2196
    73084       2127
    75211       2303
    77514       2873
    80387       2956
    83343       3116
    86459       2118
    88577       2965
    91542       2282
    93824       2862
    96686       2558
    99244       2930
   102174       2133
   104307       2631
   106938       2569
   109507       2857
   112364       2385
   114749       2635
   117384       2099
   119483       2648
   122131       2445
   124576       2131
   126707       2754
   129461       2467
   131928       2597
   134525       2602
   137127       2507
   139634       2661
   142295       2157
   144452       1621
   146073       2732
   148805       2798
   151603       3074
   154677       2152
   156829       3601
   160430       2839
   163269       2984
   166253       3358
   169611       2470
   172081       2096
   174177       2117
   176294       2272
   178566       2208
   180774       1700
   182474       2113
   184587       2088
   186675       2221
   188896       3851
   192747       2263
   195010       2134
   197144       3054
   200198       2278
   202476       2597
   205073       2073
   207146       2167
   209313       1699
   211012       2090
   213102       2336
   215438       2408
   217846       2318
   220164       3444
   223608       2141
   225749       2292
   228041       1579
   229620       2084
   231704       2245
   233949       2103
   236052       2618
   238670       2141
   240811       2207
   243018       1742
   244760       2755
   247515       3081
   250596       1566
   252162       2079
   254241       2982
   257223       2206
   259429       2641
   262070       2119
   264189       1070
   265259       2273
   267532       2055
   269587       2066
   271653       2101
   273754       2225
   275979       2299
   278278       2989
   281267       2585
   283852       3140
   286992       1773
   288765       2225
   290990       1609
   292599       2786
   295385       4096
   299481       2581
   302062       2554
   304616       3799
   308415       2295
   310710       2243
   312953       1527
   314480       2062
   316542       2803
   319345       2313
   321658       2158
   323816       3143
   326959       2356
   329315       2264
   331579       1230
   332809       2132
   334941       3212
   338153       2096
   340249       2450
   342699       3571
   346270       3000
   349270       2279
   351549       2410
   353959       2065
   356024       2368
   358392       3061
   361453       3818
   365271       3040
   368311       1669
   369980       2128
   372108       2744
   374852       2575
   377427       2486
   379913       2576
   382489       2113
   384602       1980
   386582       1568
   388150       1082
   389232       2189
   391421       2196
   393617       2280
   395897       3892
   399789       2745
   402534       3236
   405770       2314
   408084       3971
   412055       2182
   414237       1066
   415303       2142
   417445       2346
   419791       2236
   422027       2619
   424646       2205
   426851       4096
   430947       2812
   433759       3096
   436855       3592
   440447       1213
   441660       1756
   443416       1312
   444728       2250
   446978       3222
   450200       4096
   454296       3713
   458009       2156
   460165       2129
   462294       2217
   464511       2464
   466975       3183
   470158       2075
   472233       1403
   473636       2243
   475879       2786
   478665       2192
   480857       3109
   483966       2689
   486655       2878
   489533       2603
   492136       2893
   495029       2125
   497154       2070
   499224       2205
   501429       2918
   504347       2289
   506636       2512
   509148       2115
   511263       3003
   514266       3083
   517349       2293
   519642       2146
   521788       2164
   523952       2289
   526241       2288
   528529       2366
   530895       2539
   533434       2587
   536021       2051
   538072       3009
   541081       2731
   543812       2602
   546414       2247
   548661       2287
   550948       2369
   553317       2537
   555854       2253
   558107       2277
   560384       2432
   562816       2059
   564875       3071
   567946       3146
   571092       2098
   573190       2566
   575756       2470
   578226       3015
   581241       2180
   583421       2278
   585699       2097
   587796       2232
   590028       2416
   592444       1455
   593899       2360
   596259       2245
   598504       2733
   601237       2372
   603609       2421
   606030       2444
   608474       2325
   610799       2200
   612999       2084
   615083       1859
   616942       3080
   620022       1657
   621679       2157
   623836       2230
   626066       3436
   629502       2129
   631631       1261
   632892       3178
   636070       2383
   638453       2133
   640586       2824
   643410       2641
   646051       2326
   648377       2101
   650478       2589
   653067       2588
   655655       2060
   657715       2711
   660426       2406
   662832       2187
   665019       3132
   668151       2158
   670309       3551
   673860       2247
   676107       2317
   678424       3386
   681810       2013
   683823       2148
   685971       2639
   688610       2397
   691007       2079
   693086       2512
   695598       2984
   698582       2215
   700797       2147
   702944       2202
   705146       2484
   707630       2450
   710080       2761
   712841       2243
   715084       2634
   717718       2190
   719908       2700
   722608       2344
   724952       1164
   726116       2932
   729048       2090
   731138       1677
   732815       1720
   734535       2311
   736846       2573
   739419       2208
   741627       2076
   743703       2210
   745913       2337
   748250       1516
   749766       2733
   752499       2822
   755321       2469
   757790       2215
   760005       2222
   762227       1869
   764096       1708
   765804       2094
   767898       2088
   769986       2049
   772035       1960
   773995       2268
   776263       1206
   777469       2751
   780220       2053
   782273       2539
   784812       2105
   786917       2054
   788971       2128
   791099       2138
   793237       2526
   795763       2061
   797824       1899
   799723       1298
   801021       2917
   803938       2227
   806165       3086
   809251       2371
   811622       1269
   812891       2973
   815864       1336
   817200       2539
   819739       2115
   821854       2149
   824003       3240
   827243       2073
   829316       2190
   831506       2565
   834071       2321
   836392       2903
   839295       2296
   841591       2057
   843648       2731
   846379       2174
   848553       3598
   852151       2447
   854598       2387
   856985       2234
   859219       4073
   863292       3987
   867279       2888
   870167       2054
   872221       2492
   874713       2294
   877007       1585
   878592       2811
   881403       3027
   884430       2274
   886704       2083
   888787       2087
   890874       2270
   893144       2299
   895443       2247
   897690       2272
   899962       2798
   902760       2423
   905183       2053
   907236       2375
   909611       2429
   912040       2733
   914773       2454
   917227       3409
   920636       2207
   922843       1212
   924055       2086
   926141       2565
   928706       2813
   931519       1271
   932790       2565
   935355       2901
   938256       2494
   940750       2347
   943097       2634
   945731       2158
   947889       2110
   949999       1421
   951420       1543
   952963       2058
   955021       2701
   957722       3702
   961424       2386
   963810       2142
   965952       3439
   969391       2534
   971925       3084
   975009       2717
   977726       2050
   979776       2154
   981930       2330
   984260       2253
   986513       2916
   989429       2283
   991712       2435
   994147       2683
   996830       2408
   999238       3055
  1002293       2313
  1004606       3147
  1007753       2924
  1010677       2072
  1012749       2782
  1015531       2302
  1017833       2554
  1020387       2960
  1023347       2292
  1025639       2080
  1027719       3131
  1030850       3087
  1033937       2471
  1036408       3164
  1039572       2310
  1041882       3862
  1045744       2068
  1047812       1739
  1049551       2299
  1051850       2277
  1054127       1600
  1055727       3593
  1059320       3360
  1062680       2104
  1064784       2423
  1067207       2592
  1069799       2636
  1072435       2980
  1075415       2595
  1078010       2257
  1080267       2063
  1082330       2475
  1084805       2070
  1086875       2341
  1089216       2695
  1091911       2107
  1094018       2763
  1096781       2362
  1099143       2141
  1101284       2126
  1103410       2885
  1106295       2400
  1108695       2304
  1110999       2202
  1113201       2220
  1115421       2737
  1118158       2228
  1120386       2049
  1122435       3081
  1125516       2383
  1127899       2087
  1129986       3780
  1133766       2057
  1135823       2236
  1138059       1490
  1139549       2194
  1141743       2295
  1144038       2080
  1146118       2215
  1148333       2148
  1150481       2454
  1152935       2627
  1155562       2947
  1158509       2187
  1160696       2326
  1163022       2136
  1165158       2160
  1167318       1111
  1168429       2903
  1171332       2798
  1174130       2167
  1176297       2668
  1178965       2058
  1181023       2256
  1183279       3766
  1187045       2500
  1189545       2388
  1191933       2196
  1194129       2165
  1196294       2901
  1199195       2517
  1201712       2105
  1203817       1380
  1205197       2214
  1207411       2467
  1209878       2919
  1212797       3018
  1215815       2555
  1218370       2342
  1220712       2106
  1222818       2130
  1224948       1217
  1226165       2269
  1228434       2830
  1231264       2930
  1234194       2562
  1236756       2191
  1238947       2205
  1241152       2422
  1243574       2377
  1245951       2057
  1248008       2654
  1250662       2340
  1253002       3262
  1256264       2482
  1258746       2910
  1261656       2128
  1263784       2588
  1266372       2316
  1268688       2442
  1271130       2294
  1273424       2709
  1276133       1352
  1277485       2312
  1279797       2174
  1281971       2319
  1284290       3366
  1287656       2605
  1290261       2150
  1292411       2480
  1294891       3257
  1298148       2411
  1300559       2442
  1303001       1502
  1304503       2586
  1307089       2982
  1310071       2158
  1312229       2374
  1314603       1710
  1316313       2632
  1318945       2063
  1321008       2368
  1323376       2298
  1325674       2957
  1328631       3331
  1331962       2137
  1334099       2244
  1336343       2397
  1338740       2070
  1340810       1957
  1342767       2552
  1345319       2224
  1347543       1765
  1349308       2176
  1351484       2230
  1353714       2329
  1356043       2060
  1358103       3248
  1361351       2316
  1363667       2280
  1365947       2225
  1368172       1465
  1369637       2290
  1371927       1056
  1372983       2135
  1375118       2304
  1377422       2182
  1379604       4096
  1383700       2058
  1385758       2118
  1387876       2966
  1390842       2506
  1393348       2095
  1395443       3568
  1399011       3438
  1402449       2144
  1404593       2459
  1407052       2840
  1409892       2603
  1412495       3661
  1416156       2053
  1418209       2615
  1420824       3311
  1424135       3046
  1427181       2077
  1429258       2841
  1432099       2890
  1434989       2801
  1437790       2356
  1440146       1612
  1441758       2461
  1444219       2534
  1446753       4096
  1450849       2062
  1452911       2110
  1455021       2365
  1457386       2056
  1459442       2415
  1461857       3162
  1465019       4096
  1469115       3427
  1472542       2255
  1474797       2056
  1476853       2223
  1479076       2100
  1481176       2208
  1483384       3265
  1486649       2622
  1489271       2391
  1491662       3394
  1495056       2174
  1497230       2082
  1499312       1489
  1500801       2363
  1503164       2166
  1505330       2209
  1507539       2268
  1509807       1382
  1511189       2153
  1513342       2790
  1516132       3093
  1519225       1341
  1520566       2113
  1522679       2326
  1525005       2437
  1527442       2136
  1529578       3947
  1533525       2244
  1535769       2919
  1538688       2958
  1541646       2229
  1543875       2508
  1546383       2129
  1548512       2129
  1550641       2623
  1553264       2722
  1555986       4096
  1560082       2204
  1562286       2175
  1564461       2824
  1567285       2218
  1569503       1893
  1571396       2586
  1573982       2071
  1576053       2123
  1578176       2653
  1580829       2824
  1583653       2156
  1585809       2111
  1587920       2478
  1590398       2646
  1593044       2073
  1595117       1286
  1596403       2057
  1598460       2364
  1600824       2207
  1603031       3252
  1606283       2272
  1608555       2153
  1610708       2190
  1612898       2567
  1615465       2228
  1617693       2059
  1619752       3396
  1623148       2984
  1626132       1612
  1627744       2197
  1629941       2117
  1632058       2468
  1634526       3040
  1637566       2120
  1639686       2135
  1641821       2268
  1644089       2418
  1646507       2190
  1648697       2580
  1651277       2345
  1653622       2260
  1655882       2062
  1657944       2261
  1660205       2298
  1662503       2129
  1664632       2221
  1666853       1637
  1668490       3466
  1671956       3077
  1675033       2432
  1677465       3281
  1680746       2297
  1683043       2295
  1685338       2827
  1688165       2997
  1691162       2500
  1693662       2526
  1696188       2128
  1698316       2092
  1700408       2492
  1702900       2234
  1705134       1432
  1706566       3840
  1710406       2519
  1712925       2442
  1715367       2159
  1717526       2941
  1720467       2342
  1722809       1051
  1723860       2703
  1726563       2288
  1728851       2141
  1730992       2372
  1733364       2794
  1736158       2211
  1738369       2078
  1740447       2194
  1742641       2969
  1745610       2482
  1748092       1465
  1749557       3452
  1753009       1116
  1754125       3076
  1757201       2824
  1760025       1612
  1761637       1525
  1763162       2217
  1765379       2291
  1767670       2054
  1769724       2053
  1771777       2910
  1774687       2145
  1776832       2211
  1779043       3274
  1782317       1985
  1784302       2737
  1787039       2055
  1789094       1171
  1790265       2368
  1792633       2355
  1794988       1467
  1796455       2270
  1798725       2051
  1800776       2177
  1802953       1546
  1804499       3635
  1808134       2109
  1810243       2451
  1812694       2823
  1815517       2338
  1817855       2150
  1820005       2385
  1822390       1291
  1823681       1872
  1825553       2595
  1828148       3762
  1831910       2402
  1834312       2476
  1836788       2382
  1839170       2721
  1841891       2662
  1844553       2209
  1846762       3683
  1850445       2351
  1852796       2015
  1854811       3340
  1858151       2205
  1860356       1171
  1861527       2617
  1864144       2615
  1866759       2388
  1869147       2281
  1871428       2183
  1873611       2178
  1875789       2317
  1878106       1734
  1879840       2354
  1882194       4096
  1886290       2054
  1888344       3644
  1891988       2132
  1894120       2069
  1896189       2627
  1898816       2634
  1901450       3259
  1904709       2316
  1907025       2662
  1909687       1254
  1910941       2886
  1913827       2579
  1916406       2151
  1918557       2221
  1920778       2410
  1923188       2959
  1926147       2088
  1928235       2113
  1930348       2283
  1932631       3782
  1936413       2418
  1938831       3365
  1942196       2254
  1944450       2198
  1946648       2337
  1948985       2811
  1951796       2170
  1953966       1343
  1955309       2216
  1957525       2091
  1959616       2118
  1961734       2286
  1964020       2424
  1966444       1977
  1968421       2093
  1970514       2364
  1972878       2499
  1975377       2531
  1977908       2187
  1980095       1460
  1981555       2126
  1983681       2063
  1985744       3183
  1988927       2212
  1991139       2359
  1993498       2649
  1996147       2705
  1998852       2191
  2001043       2621
  2003664       1322
  2004986       2274
  2007260       2179
  2009439       3586
  2013025       2145
  2015170       2515
  2017685       3139
  2020824       1846
  2022670       2311
  2024981       2510
  2027491       1974
  2029465       2436
  2031901       2300
  2034201       1117
  2035318       2622
  2037940       1756
  2039696       2260
  2041956       2193
  2044149       2191
  2046340       2079
  2048419       2985
  2051404       2202
  2053606       2449
  2056055       2204
  2058259       4096
  2062355       2167
  2064522       2231
  2066753       2089
  2068842       2093
  2070935       2793
  2073728       2312
  2076040       2297
  2078337       2819
  2081156       3684
  2084840       2855
  2087695       3087
  2090782       2314
  2093096       2131
  2095227       4096
  2099323       1678
  2101001       2599
  2103600       2099
  2105699       2475
  2108174       2458
  2110632       3617
  2114249       2393
  2116642       2110
  2118752       3413
  2122165       2177
  2124342       1864
  2126206       2291
  2128497       2364
  2130861       1782
  2132643       3467
  2136110       2528
  2138638       2753
  2141391       2382
  2143773       2178
  2145951       2161
  2148112       2957
  2151069       2655
  2153724       2091
  2155815       2095
  2157910       2658
  2160568       2745
  2163313       2472
  2165785       2421
  2168206       2429
  2170635       2707
  2173342       2450
  2175792       3371
  2179163       2487
  2181650       2176
  2183826       2986
  2186812       2159
  2188971       1471
  2190442       3717
  2194159       1391
  2195550       2449
  2197999       3100
  2201099       2294
  2203393       3527
  2206920       1986
  2208906       3805
  2212711       2171
  2214882       2448
  2217330       4008
  2221338       2169
  2223507       2169
  2225676       2551
  2228227       1799
  2230026       2360
  2232386       1107
  2233493       2111
  2235604       3234
  2238838       2367
  2241205       2137
  2243342       2325
  2245667       2577
  2248244       2288
  2250532       2250
  2252782       2327
  2255109       2267
  2257376       2655
  2260031       2080
  2262111       1905
  2264016       2347
  2266363       2124
  2268487       2125
  2270612       2061
  2272673       2190
  2274863       2260
  2277123       2143
  2279266       1323
  2280589       2604
  2283193       2915
  2286108       2091
  2288199       2391
  2290590       2095
  2292685       1669
  2294354       3033
  2297387       3716
  2301103       3284
  2304387       2206
  2306593       2907
  2309500       1772
  2311272       2323
  2313595       2099
  2315694       2198
  2317892       2909
  2320801       2106
  2322907       2382
  2325289       3355
  2328644       2155
  2330799       2332
  2333131       2398
  2335529       2296
  2337825       2350
  2340175       2104
  2342279       2093
  2344372       2380
  2346752       3324
  2350076       3136
  2353212       2058
  2355270       2338
  2357608       3032
  2360640       2282
  2362922       2247
  2365169       2387
  2367556       2946
  2370502       1602
  2372104       2070
  2374174       2183
  2376357       1196
  2377553       1097
  2378650       1366
  2380016       2364
  2382380       1927
  2384307       2446
  2386753       2505
  2389258       2527
  2391785       2244
  2394029       1492
  2395521       2189
  2397710       2251
  2399961       2505
  2402466       2080
  2404546       2086
  2406632       2553
  2409185       1239
  2410424       2154
  2412578       2604
  2415182       2057
  2417239       2166
  2419405       2369
  2421774       2073
  2423847       2738
  2426585       2998
  2429583       2288
  2431871       2853
  2434724       2355
  2437079       2241
  2439320       1594
  2440914       2145
  2443059       1593
  2444652       2576
  2447228       3286
  2450514       2715
  2453229       1849
  2455078       2572
  2457650       3229
  2460879       2979
  2463858       2178
  2466036       2461
  2468497       2393
  2470890       2466
  2473356       2099
  2475455       2251
  2477706       2406
  2480112       2273
  2482385       2626
  2485011       2387
  2487398       2108
  2489506       3020
  2492526       2608
  2495134       2122
  2497256       1778
  2499034       3158
  2502192       2225
  2504417       2643
  2507060       2110
  2509170       2143
  2511313       3786
  2515099       2718
  2517817       2391
  2520208       2052
  2522260       2447
  2524707       1597
  2526304       2294
  2528598       1214
  2529812       2104
  2531916       2127
  2534043       2233
  2536276       2700
  2538976       2078
  2541054       1690
  2542744       2691
  2545435       2119
  2547554       2363
  2549917       3662
  2553579       2210
  2555789       3273
  2559062       2491
  2561553       2713
  2564266       2215
  2566481       2361
  2568842       3615
  2572457       2113
  2574570       1238
  2575808       2330
  2578138       2174
  2580312       3197
  2583509       2165
  2585674       1299
  2586973       4096
  2591069       2049
  2593118       2524
  2595642       2287
  2597929       2787
  2600716       4096
  2604812       2798
  2607610       2301
  2609911       3639
  2613550       3499
  2617049       1255
  2618304       3002
  2621306       2758
  2624064       2071
  2626135       2925
  2629060       3214
  2632274       2545
  2634819       2837
  2637656       2357
  2640013       2245
  2642258       2183
  2644441       2274
  2646715       2265
  2648980       1322
  2650302       2429
  2652731       2363
  2655094       2403
  2657497       3345
  2660842       2632
  2663474       4096
  2667570       1490
  2669060       2788
  2671848       2366
  2674214       2240
  2676454       2703
  2679157       2680
  2681837       2386
  2684223       2388
  2686611       2364
  2688975       3177
  2692152       2076
  2694228       2649
  2696877       2558
  2699435       2251
  2701686       1138
  2702824       2255
  2705079       2093
  2707172       2471
  2709643       1972
  2711615       2833
  2714448       2107
  2716555       2432
  2718987       2143
  2721130       2398
  2723528       2203
  2725731       2312
  2728043       2247
  2730290       2394
  2732684       2608
  2735292       2260
  2737552       2539
  2740091       2426
  2742517       2365
  2744882       1331
  2746213       2154
  2748367       3906
  2752273       4096
  2756369       2137
  2758506       1315
  2759821       1186
  2761007       1280
  2762287       2414
  2764701       2155
  2766856       2622
  2769478       2235
  2771713       3027
  2774740       2355
  2777095       2475
  2779570       3786
  2783356       2424
  2785780       2684
  2788464       2269
  2790733       2077
  2792810       2032
  2794842       3007
  2797849       2310
  2800159       1367
  2801526       2782
  2804308       2625
  2806933       2079
  2809012       2112
  2811124       1835
  2812959       2218
  2815177       3012
  2818189       2208
  2820397       2572
  2822969       2165
  2825134       2051
  2827185       2078
  2829263       2915
  2832178       3265
  2835443       2422
  2837865       2185
  2840050       2126
  2842176       2861
  2845037       2032
  2847069       1861
  2848930       2445
  2851375       1550
  2852925       2090
  2855015       2401
  2857416       2095
  2859511       2370
  2861881       2164
  2864045       2099
  2866144       3385
  2869529       2535
  2872064       2151
  2874215       2070
  2876285       1203
  2877488       2846
  2880334       2483
  2882817       2508
  2885325       2353
  2887678       1729
  2889407       2724
  2892131       2210
  2894341       2208
  2896549       2697
  2899246       2375
  2901621       3044
  2904665       2843
  2907508       4064
  2911572       2134
  2913706       2063
  2915769       3471
  2919240       2247
  2921487       2933
  2924420       2914
  2927334       2549
  2929883       3788
  2933671       2568
  2936239       2524
  2938763       2091
  2940854       2083
  2942937       2185
  2945122       2991
  2948113       2084
  2950197       2503
  2952700       2220
  2954920       3037
  2957957       2422
  2960379       3541
  2963920       2424
  2966344       2745
  2969089       1486
  2970575       2295
  2972870       2365
  2975235       2198
  2977433       2705
  2980138       2597
  2982735       2498
  2985233       2274
  2987507       3227
  2990734       2465
  2993199       3631
  2996830       2123
  2998953       3230
  3002183       2145
  3004328       2958
  3007286       1990
  3009276       2486
  3011762       2491
  3014253       1877
  3016130       3404
  3019534       3784
  3023318       2125
  3025443       2333
  3027776       2661
  3030437       1943
  3032380       2662
  3035042       2760
  3037802       1228
  3039030       2924
  3041954       2444
  3044398       2998
  3047396       1533
  3048929       2248
  3051177       2108
  3053285       2525
  3055810       2583
  3058393       2304
  3060697       2958
  3063655       2317
  3065972       2790
  3068762       1783
  3070545       2706
  3073251       2163
  3075414       2195
  3077609       2538
  3080147       2074
  3082221       2568
  3084789       1395
  3086184       2228
  3088412       2339
  3090751       1101
  3091852       2034
  3093886       1177
  3095063       2661
  3097724       2298
  3100022       3760
  3103782       2065
  3105847       4096
  3109943       2797
  3112740       2372
  3115112       4096
  3119208       1683
  3120891       2949
  3123840       2052
  3125892       2572
  3128464       2630
  3131094       2085
  3133179       2389
  3135568       2110
  3137678       2571
  3140249       2276
  3142525       2154
  3144679       2315
  3146994       2485
  3149479       3670
  3153149       2120
  3155269       2066
  3157335       2275
  3159610       2445
  3162055       2577
  3164632       2493
  3167125       2815
  3169940       1790
  3171730       2578
  3174308       1701
  3176009       3044
  3179053       2176
  3181229       2836
  3184065       2734
  3186799       2336
  3189135       2886
  3192021       2303
  3194324       2536
  3196860       2993
  3199853       2114
  3201967       2451
  3204418       1594
  3206012       2050
  3208062       2976
  3211038       2525
  3213563       1535
  3215098       2054
  3217152       2196
  3219348       2127
  3221475       2442
  3223917       3037
  3226954       2065
  3229019       2552
  3231571       2157
  3233728       4096
  3237824       2310
  3240134       2126
  3242260       2993
  3245253       3407
  3248660       2275
  3250935       1455
  3252390       1271
  3253661       2169
  3255830       3465
  3259295       2194
  3261489       2445
  3263934       3616
  3267550       2451
  3270001       2601
  3272602       2640
  3275242       3498
  3278740       2553
  3281293       2211
  3283504       2255
  3285759       2476
  3288235       3193
  3291428       2884
  3294312       1578
  3295890       2202
  3298092       2228
  3300320       2627
  3302947       2193
  3305140       2294
  3307434       2231
  3309665       3193
  3312858       2398
  3315256       2428
  3317684       2493
  3320177       3524
  3323701       4096
  3327797       1171
  3328968       2217
  3331185       2508
  3333693       2542
  3336235       3045
  3339280       2302
  3341582       2177
  3343759       2818
  3346577       2173
  3348750       1785
  3350535       2609
  3353144       2268
  3355412       2154
  3357566       2852
  3360418       2263
  3362681       1466
  3364147       2497
  3366644       2941
  3369585       2477
  3372062       2253
  3374315       2627
  3376942       1625
  3378567       2366
  3380933       2088
  3383021       2488
  3385509       2447
  3387956       3790
  3391746       2713
  3394459       2291
  3396750       3515
  3400265       3321
  3403586       2225
  3405811       2214
  3408025       2948
  3410973       1310
  3412283       2882
  3415165       2619
  3417784       2683
  3420467       4096
  3424563        355
